"A1" "A2" "A3" "A4" "A5" "A6" "A7" "A8" "A9" "B1" "B2" "B3" "B4" "B5" "B6" "B7" "B8" "B9" "C1" "C2"
"A1" 0 0 0 0 0 0 0 0 0 0 0 0 0 0 0 0 0 0 0 0
"A2" 0.0939 0 0 0 0 0 0 0 0 0 0 0 0 0 0 0 0 0 0 0
"A3" 0.0919 0.1782 0 0 0 0 0 0 0 0 0 0 0 0 0 0 0 0 0 0
"A4" 0.2286 0.2604 0.2387 0 0 0 0 0 0 0 0 0 0 0 0 0 0 0 0 0
"A5" 0.1338 0.2309 0.0339 0.2666 0 0 0 0 0 0 0 0 0 0 0 0 0 0 0 0
"A6" 0.1415 0.2407 0.0806 0.3049 0.0924 0 0 0 0 0 0 0 0 0 0 0 0 0 0 0
"A7" 0.1058 0.1897 0.0393 0.2503 0.0481 0.0806 0 0 0 0 0 0 0 0 0 0 0 0 0 0
"A8" 0.0895 0.1789 0.0326 0.2423 0.0412 0.0765 0.0202 0 0 0 0 0 0 0 0 0 0 0 0 0
"A9" 0.097 0.1898 0.0172 0.2432 0.0193 0.0607 0.0282 0.0227 0 0 0 0 0 0 0 0 0 0 0 0
"B1" 0.1238 0.204 0.0441 0.2536 0.0557 0.0856 0.0434 0.0294 0.0267 0 0 0 0 0 0 0 0 0 0 0
"B2" 0.1132 0.1919 0.0406 0.2474 0.0525 0.0774 0.0413 0.0317 0.0101 0.0336 0 0 0 0 0 0 0 0 0 0
"B3" 0.1079 0.1968 0.0277 0.2596 0.0425 0.0748 -0.0044 0.0188 0.0265 0.0455 0.0476 0 0 0 0 0 0 0 0 0
"B4" 0.0973 0.1726 0.0208 0.2364 0.033 0.0664 0.0123 0.0166 0.0044 0.0324 0.019 0.01 0 0 0 0 0 0 0 0
"B5" 0.1023 0.1838 0.0297 0.2401 0.0403 0.0669 0.025 0.0178 -3e-04 0.032 0.0111 0.0232 0.0096 0 0 0 0 0 0 0
"B6" 0.1382 0.2282 0.0692 0.2794 0.0799 0.1097 0.0697 0.071 0.0726 0.0717 0.0631 0.0715 0.0562 0.0612 0 0 0 0 0 0
"B7" 0.1182 0.2023 0.0416 0.262 0.0474 0.1118 0.0391 0.0359 0.0525 0.0631 0.0571 0.0388 0.035 0.0276 0.0384 0 0 0 0 0
"B8" 0.0901 0.1692 0.012 0.2348 0.0279 0.0742 0.0329 0.0177 0.0027 0.0446 0.024 0.02 0.0082 0.0111 0.0536 0.0169 0 0 0 0
"B9" 0.0858 0.1682 0.0125 0.2422 0.0363 0.0731 0.0244 0.0224 0.0096 0.0388 0.0253 0.0154 0.0136 0.0083 0.0641 0.0278 -0.008 0 0 0
"C1" 0.0987 0.1849 0.0164 0.2297 0.0318 0.0801 0.0349 0.0238 0.0208 0.0416 0.0341 0.0301 0.0185 0.0122 0.0565 0.0328 0.0117 0.0207 0 0
"C2" 0.1099 0.1998 0.0173 0.2484 0.0271 0.0694 0.033 0.0279 0.0161 0.0354 0.0305 0.024 0.0098 0.0189 0.0527 0.0449 0.01 0.0123 0.0163 0
