"A1" "A2" "A3" "A4" "A5" "A6" "A7" "A8" "A9" "B1" "B2" "B3" "B4" "B5"
"A1" 0 0 0 0 0 0 0 0 0 0 0 0 0 0
"A2" 0.0132 0 0 0 0 0 0 0 0 0 0 0 0 0
"A3" 0.0261 -0.0018 0 0 0 0 0 0 0 0 0 0 0 0
"A4" 0.0337 -2e-04 0.0124 0 0 0 0 0 0 0 0 0 0 0
"A5" 0.0641 0.0645 0.0728 0.0734 0 0 0 0 0 0 0 0 0 0
"A6" 0.0864 0.0732 0.0842 0.0871 0.0844 0 0 0 0 0 0 0 0 0
"A7" 0.1216 0.1026 0.1127 0.1256 0.1173 0.0325 0 0 0 0 0 0 0 0
"A8" 0.0956 0.0876 0.0944 0.1013 0.0983 0.0078 0.0337 0 0 0 0 0 0 0
"A9" 0.0931 0.081 0.0874 0.0964 0.0934 0.0152 0.0395 0.0079 0 0 0 0 0 0
"B1" 0.1586 0.1538 0.1555 0.1821 0.1482 0.0222 0.0667 0.0301 0.046 0 0 0 0 0
"B2" 0.1868 0.1804 0.1754 0.2038 0.1758 0.035 0.0772 0.0432 0.0586 0.0032 0 0 0 0
"B3" 0.178 0.1764 0.169 0.2018 0.1687 0.0333 0.0794 0.0442 0.0554 0.0079 0.0091 0 0 0
"B4" 0.0994 0.1219 0.1064 0.1266 0.1021 0.0043 0.0457 0.0155 0.0175 0.0131 0.0141 0.0199 0 0
"B5" 0.1845 0.1789 0.1726 0.2035 0.1724 0.0565 0.0983 0.0628 0.0752 0.048 0.0506 0.0566 0.0361 0
